[gd_scene load_steps=20 format=3 uid="uid://dcy86n4si7d7v"]

[ext_resource type="Script" path="res://world/orbit_camera.gd" id="1"]
[ext_resource type="Script" path="res://world/menu_world.gd" id="1_qder5"]
[ext_resource type="Script" path="res://world/box/spatial_sin_pan.gd" id="3"]
[ext_resource type="PackedScene" path="res://world/floor/floor.tscn" id="4"]
[ext_resource type="PackedScene" uid="uid://dy02fdb77e812" path="res://world/shadow/shadow.tscn" id="6"]
[ext_resource type="Material" uid="uid://1k4iirdl0qtf" path="res://world/box/sparkle_mat.tres" id="7"]
[ext_resource type="Material" uid="uid://blpnruy0dhpw5" path="res://world/light-shaft/light-shaft_mat.tres" id="10"]
[ext_resource type="PackedScene" uid="uid://bqksudore6gkp" path="res://world/crystal/crystal_mesh.tscn" id="11"]
[ext_resource type="ArrayMesh" uid="uid://cng2y3he7v7b8" path="res://world/light-shaft/light-shaft_Mesh.mesh" id="12"]
[ext_resource type="ArrayMesh" uid="uid://dh4nw5qd6jcdp" path="res://world/stairs/stairs_Mesh.mesh" id="14"]
[ext_resource type="Texture2D" uid="uid://c7yqmbdcqkcw0" path="res://world/floor/floor.png" id="14_ep1q3"]
[ext_resource type="Environment" path="res://world/world_env.tres" id="15"]
[ext_resource type="Script" path="res://world/scene_controls.gd" id="16"]
[ext_resource type="Material" path="res://world/stairs/stairs_side_mat.tres" id="19"]
[ext_resource type="Material" path="res://world/stairs/stairs_top_mat.tres" id="20"]

[sub_resource type="ParticleProcessMaterial" id="1"]
direction = Vector3(1, 1, 1)
spread = 180.0
gravity = Vector3(0, 0, 0)
initial_velocity_min = 2.0
initial_velocity_max = 2.0

[sub_resource type="QuadMesh" id="2"]
material = ExtResource("7")
size = Vector2(0.5, 0.5)

[sub_resource type="StandardMaterial3D" id="StandardMaterial3D_5kgm4"]
albedo_texture = ExtResource("14_ep1q3")
uv1_triplanar = true
uv1_world_triplanar = true

[sub_resource type="PlaneMesh" id="PlaneMesh_s67y8"]
material = SubResource("StandardMaterial3D_5kgm4")
size = Vector2(200, 200)

[node name="MenuWorld" type="Node3D"]
script = ExtResource("1_qder5")

[node name="Control" type="Control" parent="."]
layout_mode = 3
anchors_preset = 0
offset_right = 40.0
offset_bottom = 40.0

[node name="BeginButton" type="Button" parent="Control"]
layout_mode = 0
offset_left = 134.0
offset_top = 163.0
offset_right = 195.0
offset_bottom = 196.0
text = "Begin"

[node name="Quit Button" type="Button" parent="Control"]
layout_mode = 0
offset_left = 145.0
offset_top = 201.0
offset_right = 187.0
offset_bottom = 232.0
text = "Quit"

[node name="SceneControls" type="Node" parent="."]
script = ExtResource("16")

[node name="OrbitPoint" type="Node3D" parent="." groups=["can_pause", "can_restart"]]
transform = Transform3D(1, 0, 0, 0, 1, 0, 0, 0, 1, 0, -2.38419e-07, -4.76837e-07)
script = ExtResource("1")

[node name="Camera3D" type="Camera3D" parent="OrbitPoint"]
transform = Transform3D(1, 0, 0, 0, 1, 0, 0, 0, 1, 0, 1.0592, 14.8479)

[node name="DirectionalLight3D" type="DirectionalLight3D" parent="."]
transform = Transform3D(0.524194, -0.536217, 0.661583, 0, 0.776871, 0.62966, -0.851599, -0.330064, 0.407231, 4.40183, 2.79045, 2.57139)
light_bake_mode = 0
sky_mode = 1

[node name="WorldEnvironment" type="WorldEnvironment" parent="."]
environment = ExtResource("15")

[node name="BoxMetal" type="MeshInstance3D" parent="." groups=["can_pause", "can_restart"]]
transform = Transform3D(0.613118, 0, 0, 0, 0.613118, 0, 0, 0, 0.613118, 0, 5.71112, -9.30276)
script = ExtResource("3")

[node name="Particles" type="GPUParticles3D" parent="BoxMetal" groups=["can_restart"]]
transform = Transform3D(0.999973, 0.00729208, -0.00112456, -0.00729237, 0.999973, -0.000250523, 0.00112271, 0.000258713, 0.999999, 0, -2.694, 19.5162)
cast_shadow = 0
fixed_fps = 15
interpolate = false
fract_delta = false
process_material = SubResource("1")
draw_pass_1 = SubResource("2")

[node name="BoxShadow" parent="." groups=["can_pause", "can_restart"] instance=ExtResource("6")]
transform = Transform3D(1, 0, 0, 0, 1, 0, 0, 0, 1, -1.052, 0, 0.04)
visible = false

[node name="LightShaft" type="MeshInstance3D" parent="."]
transform = Transform3D(1, 0, 0, 0, 1, 0, 0, 0, 1, 0.314111, 0.727501, 4.58542)
mesh = ExtResource("12")
skeleton = NodePath("")
surface_material_override/0 = ExtResource("10")

[node name="Stairs" type="MeshInstance3D" parent="."]
transform = Transform3D(-0.707, 0, -6.18079e-08, 0, 0.707, 0, 6.18079e-08, 0, -0.707, 0.216542, 0, 8.14778)
mesh = ExtResource("14")
surface_material_override/0 = ExtResource("19")
surface_material_override/1 = ExtResource("20")

[node name="Floor" parent="." instance=ExtResource("4")]
mesh = SubResource("PlaneMesh_s67y8")

[node name="crystal" parent="." instance=ExtResource("11")]
transform = Transform3D(0.719146, 0, 0.694859, 0, 1, 0, -0.694859, 0, 0.719146, 2.32347, 0, 1.434)
visible = false

[node name="crystal2" parent="." instance=ExtResource("11")]
transform = Transform3D(0.826285, 0, -0.563252, 0, 1, 0, 0.563252, 0, 0.826285, -1.32247, 0, 1.77809)
visible = false

[node name="crystal3" parent="." instance=ExtResource("11")]
transform = Transform3D(0.864371, 0, 0.502854, 0, 1, 0, -0.502854, 0, 0.864371, -2.32825, 0, -0.999177)
visible = false

[node name="crystal4" parent="." instance=ExtResource("11")]
transform = Transform3D(-0.632935, 0, 0.774205, 0, 1, 0, -0.774205, 0, -0.632935, 2.30476, 0, -1.16371)
visible = false

[connection signal="pressed" from="Control/BeginButton" to="." method="_on_begin_button_pressed"]
